01 01 01 01 01 01 01 01 01 01 01 01 01 01 01 01 01 01 01 01 01 
01 12 05 05 05 05 05 10 01 12 05 05 05 05 05 10 01 12 05 10 01 
01 02 00 00 00 00 00 03 01 02 00 00 00 00 00 03 01 02 00 03 01 
01 02 00 13 04 11 00 03 01 02 00 13 04 11 00 03 01 02 00 03 01 
01 02 00 03 01 02 00 03 01 02 00 03 01 02 00 03 01 02 00 03 01 
01 02 00 03 01 02 00 03 01 02 00 03 01 02 00 03 01 02 00 03 01 
01 02 00 03 01 02 00 03 01 02 00 03 01 02 00 03 01 02 00 03 01 
01 02 00 03 01 02 00 03 01 02 00 03 01 02 00 03 01 02 00 03 01 
01 02 00 03 01 02 00 09 05 07 00 03 01 02 00 09 05 07 00 03 01 
01 02 00 03 01 02 00 00 00 00 00 03 01 02 00 00 00 00 00 03 01 
01 08 04 06 01 08 04 04 04 04 04 06 01 08 04 04 04 04 04 06 01 
01 01 01 01 01 01 01 01 01 01 01 01 01 01 01 01 01 01 01 01 01 
